0 0.055958132045088566 0.7813333333333333 0.11191626409017713 0.432
2 0.8739935587761675 0.796 0.250402576489533 0.4026666666666667
0 0.856682769726248 0.6106666666666667 0.28502415458937197 0.336
1 0.042270531400966184 0.7333333333333333 0.08454106280193237 0.528
0 0.7081320450885669 0.5813333333333334 0.15539452495974235 0.20266666666666666
2 0.7375201288244766 0.6066666666666667 0.15458937198067632 0.232
2 0.8252818035426731 0.4746666666666667 0.06924315619967794 0.16533333333333333
0 0.4331723027375201 0.5746666666666667 0.0644122383252818 0.13066666666666665
0 0.3442028985507246 0.5733333333333334 0.0426731078904992 0.128
6 0.33454106280193235 0.5066666666666667 0.05394524959742351 0.224
